Subsector	TT-01-020-006 (Timbucto)	23	2110,2090,2071
MWQMSites	1,4,5	3455,3452,3456
Duplicates	4	3452
Subsector	TT-02-010-001 (Rogerbucto)	26	2090,2110,2071
MWQMSites	1,2,3,4,5,6,7,8,9,10,11,12,13,14,15,16,17,18,19,20,21,22,23,24,25,26,27,28,29,30,31,32,33,34,35,36	3455,3242,2424,3452,3456,3457,3458,3465,3475,3485,3495,3655,3755,3855,2342,23424,34535,3487,2334,23453,34563,234235,342334,23847,4578,23423,242,45,354,446,4654,354345,23424,2344,4663,34535
Duplicates	4	3452
Subsector	TT-03-030-002 (Johnbucto)	28	2071,2110,2090
MWQMSites	1,4,5,7,9,11,13,34,45,46,47,48,49,50,51,52,53,54,55,56,57,60,61,62,63,64,65,66	111,41,51,71,91,111,131,341,145,461,471,481,491,501,511,521,531,541,551,561,571,610,611,621,631,641,651,166
Municipality	St. Jambucto 	2545
Infrastructures	LS-2 Alphabucto St.,LS-3 Betabucto St.,LS-8 Gamabucto St.,	2345,3565,3534
App	231,39,19,8,101,12,610,77,158,40,	23,4,566,82,270,39,398,45,
